{"name":"hilltopGarage_icon","class":"BeamNGPointOfInterest","__parent":"freakAdditions","position":[530.328003,-725.884949,202.775528],"rotationMatrix":[0.952263772,-0.305276513,0,0.305276513,0.952263772,0,0,0,1]}
{"name":"hilltopGarage_area","class":"BeamNGGameplayArea","__parent":"freakAdditions","position":[531.041687,-725.905945,200.923187],"rotationMatrix":[0.866258621,0.499595881,0,-0.499595881,0.866258621,0,0,0,1],"scale":[1.4937346,2.36183715,2.80672598]}
{"class":"TSStatic","__parent":"freakAdditions","position":[541.130859,-714.30542,201.167999],"isRenderEnabled":false,"rotationMatrix":[0.382404447,-0.923995018,0,0.923995018,0.382404447,0,0,0,1],"scale":[0.147119403,0.147119403,0.147119403],"shapeName":"/levels/west_coast_usa/art/shapes/objects/pole_lighting1.dae","useInstanceRenderData":true}
{"class":"TSStatic","__parent":"freakAdditions","position":[510.141785,-727.19812,201.179916],"isRenderEnabled":false,"rotationMatrix":[0.859653175,0.510878086,0,-0.510878086,0.859653175,0,0,0,1],"scale":[1,1,2.87089849],"shapeName":"/levels/west_coast_usa/art/shapes/objects/pole_thick.dae","useInstanceRenderData":true}
{"class":"TSStatic","__parent":"freakAdditions","position":[545.943176,-722.81134,201.168213],"isRenderEnabled":false,"rotationMatrix":[-0.278126717,0.960544169,0,-0.960544169,-0.278126717,0,0,0,1],"scale":[0.147119403,0.147119403,0.147119403],"shapeName":"/levels/west_coast_usa/art/shapes/objects/pole_lighting1.dae","useInstanceRenderData":true}
{"class":"TSStatic","__parent":"freakAdditions","position":[531.138611,-728.358826,202.063416],"isRenderEnabled":false,"rotationMatrix":[-0.807322502,-0.590110719,0,0.590110719,-0.807322502,0,0,0,1],"shapeName":"/levels/west_coast_usa/art/shapes/objects/covet_blueprint2.dae","useInstanceRenderData":true}
{"class":"TSStatic","__parent":"freakAdditions","position":[529.320984,-722.190002,201.184601],"isRenderEnabled":false,"rotationMatrix":[0.877982855,0.478691816,0,-0.478691816,0.877982855,0,0,0,0.999999881],"scale":[0.216470703,0.216470703,0.216470703],"shapeName":"/levels/west_coast_usa/art/shapes/objects/dragbillboard_sign01.dae","useInstanceRenderData":true}
{"class":"TSStatic","__parent":"freakAdditions","position":[517.185913,-727.096008,226.346802],"scale":[3.37812471,3.37812471,3.37812471],"shapeName":"/levels/west_coast_usa/art/shapes/objects/flag_usa_anim.dae","useInstanceRenderData":true}
{"class":"DecalRoad","persistentId":"9c782ef3-e153-47c2-a31a-71f492169cc2","__parent":"freakAdditions","position":[542.544678,-719.209412,201.135452],"improvedSpline":true,"material":"road_asphalt_2lane","nodes":[[542.544678,-719.209412,201.135452,9],[545.312866,-717.418457,201.038223,9],[548.482239,-714.37738,200.757843,9],[551.031616,-712.188477,200.664322,9]],"startEndFade":[2,2]}
{"class":"TSStatic","__parent":"freakAdditions","position":[514.520996,-714.906616,204.754868],"isRenderEnabled":false,"rotationMatrix":[0.87739116,0.479702413,0.00838739797,-0.473408341,0.868453205,-0.147219464,-0.0779055953,0.125198379,0.98906827],"scale":[1,1,0.327758789],"shapeName":"/levels/west_coast_usa/art/shapes/objects/solarpanel.dae","useInstanceRenderData":true}
{"class":"DecalRoad","persistentId":"c04a78bb-a2ed-4e5c-ba1b-330a9e768a08","__parent":"freakAdditions","position":[544.170105,-717.362427,201.105972],"improvedSpline":true,"material":"track_rubber","nodes":[[544.170105,-717.362427,201.105972,8],[552.2229,-710.312134,200.663177,8],[554.019958,-702.858154,200.671799,8],[558.056213,-690.812805,200.671799,8],[566.23877,-680.048218,200.671799,8],[575.882019,-676.972046,200.671799,8],[583.615417,-680.700256,200.671799,8],[584.164673,-690.522888,200.671799,8],[576.755432,-697.38678,200.671799,8],[568.772339,-698.930054,200.671799,8]],"renderPriority":8,"startEndFade":[2,3]}
{"class":"TSStatic","__parent":"freakAdditions","position":[524.920227,-712.039185,202.823807],"isRenderEnabled":false,"rotationMatrix":[-0.473849416,0.880605876,0,-0.880605876,-0.473849416,0,0,0,1],"shapeName":"/levels/west_coast_usa/art/shapes/objects/sign_speed5.dae","useInstanceRenderData":true}
{"class":"TSStatic","__parent":"freakAdditions","position":[931.639587,618.848816,138.832443],"collisionType":"Visible Mesh","hidden":true,"isRenderEnabled":false,"rotationMatrix":[0.958844304,0.283932358,0,-0.283932358,0.958844304,0,0,0,1],"shapeName":"/levels/west_coast_usa/art/shapes/rls_signs/tunnelS.dae","useInstanceRenderData":true}
{"name":"SFXEmitter_11","class":"SFXEmitter","__parent":"freakAdditions","position":[-787.378784,-560.738586,101.204788],"fadeInTime":0,"fadeOutTime":0,"filename":"/levels/west_coast_usa/art/sounds/ambienttrack","maxDistance":180,"referenceDistance":100,"rotationMatrix":[0.752614439,0.658461213,0,-0.65718323,0.751153648,-0.062273398,-0.0410046168,0.046867907,0.998058975],"scale":[180,180,180]}
{"name":"SFXEmitter_13","class":"SFXEmitter","__parent":"freakAdditions","position":[549.366089,-705.563965,208.778381],"fadeInTime":0,"fadeOutTime":0,"filename":"/levels/west_coast_usa/art/sounds/garage","maxDistance":120,"pitch":0.449999988,"referenceDistance":20,"rotationMatrix":[0.970253527,0.242090553,0,-0.242019653,0.969969511,-0.0241961107,-0.00585767394,0.0234763827,0.999707103],"scale":[120,120,120],"track":"amb_windtrees_01","volume":0.349999994}
{"class":"DecalRoad","persistentId":"2334ae7e-268b-4993-86dc-600a230cecdc","__parent":"freakAdditions","position":[515.190796,-720.724487,201.076767],"improvedSpline":true,"material":"grass_garden_edge","nodes":[[515.190796,-720.724487,201.076767,10],[495.340454,-727.492981,200.743713,10],[478.818451,-733.035767,199.477753,10]],"renderPriority":18,"startEndFade":[2,10]}
{"class":"DecalRoad","persistentId":"0863ee36-87c4-4cbb-83cc-ed99eccb1061","__parent":"freakAdditions","position":[519.777527,-728.913696,201.076767],"improvedSpline":true,"material":"grass_garden_edge","nodes":[[519.777527,-728.913696,201.076767,10],[499.927185,-735.68219,201.082642,10],[481.758087,-739.960144,198.15834,10]],"renderPriority":20,"startEndFade":[2,10]}
{"class":"DecalRoad","persistentId":"a4a45c53-d895-438c-beae-dc31be3ea29d","__parent":"freakAdditions","position":[530.165283,-704.22168,201.117477],"detail":0.200000003,"distanceFade":[200,50],"improvedSpline":true,"material":"road_edge","nodes":[[530.165283,-704.22168,201.117477,1.5],[537.78479,-700.515503,200.671799,1.5],[539.291199,-698.50415,200.671799,1.5]],"renderPriority":8,"startEndFade":[1,1],"textureLength":16}
{"class":"DecalRoad","persistentId":"dc41dc14-5452-400a-8a7a-abdde353acd3","__parent":"freakAdditions","position":[535.613892,-718.029541,201.111542],"detail":0.200000003,"distanceFade":[200,50],"improvedSpline":true,"material":"road_edge","nodes":[[535.613892,-718.029541,201.111542,1.5],[541.977234,-714.540161,201.069748,1.5],[547.348022,-709.375793,200.667847,1.5],[546.228394,-707.192017,200.671799,1.5],[543.411621,-705.098328,200.671799,1.5],[537.635315,-709.665344,201.031754,1.5],[527.688965,-714.722412,201.135452,1.5],[525.687012,-712.294861,201.135452,1.5],[523.217468,-708.656677,201.125092,1.5],[526.339539,-706.235779,201.135452,1.5],[531.728638,-703.573364,201.134399,1.5]],"renderPriority":8,"startEndFade":[1,1],"textureLength":16}
{"class":"DecalRoad","persistentId":"f98d5602-6da2-4bc0-8cf5-2aef13bee05a","__parent":"freakAdditions","position":[545.462524,-706.992432,200.671799],"improvedSpline":true,"material":"grass_garden_edge","nodes":[[545.462524,-706.992432,200.671799,5],[538.806702,-712.642334,201.040131,5],[522.727173,-721.727905,201.076767,6.5]],"renderPriority":20,"startEndFade":[2,1]}
{"class":"DecalRoad","persistentId":"6b5ebdf1-7cf8-4fb1-9e7e-7a0da1eb789a","__parent":"freakAdditions","position":[541.753296,-700.823059,200.671799],"improvedSpline":true,"material":"m_dirty_ground","nodes":[[541.753296,-700.823059,200.671799,10],[533.093994,-706.756165,201.135452,10],[524.967224,-710.917847,201.135452,10]],"startEndFade":[2,2]}
{"class":"TSStatic","__parent":"freakAdditions","position":[529.22876,-709.329468,201.093811],"isRenderEnabled":false,"rotationMatrix":[0.468670249,-0.883373141,0,0.883373141,0.468670249,0,0,0,1],"shapeName":"/levels/west_coast_usa/art/shapes/buildings/shelter_industrial.dae","useInstanceRenderData":true}
{"class":"DecalRoad","persistentId":"1b974916-831e-482f-95f1-7d265eca9ea9","__parent":"freakAdditions","position":[553.869385,-716.894775,200.691895],"improvedSpline":true,"material":"grass_garden_edge","nodes":[[553.869385,-716.894775,200.691895,1],[551.926941,-721.253113,200.675461,5],[548.860657,-724.665894,200.746094,6.5],[543.872925,-727.725586,200.731384,6.5],[535.120056,-731.705566,200.08226,7],[530.737183,-732.953735,199.916672,8],[526.047485,-735.108521,199.510941,8],[517.822937,-738.042358,199.268707,8],[510.967163,-740.416443,198.709854,8],[499.583588,-744.495972,199.140015,8],[488.616425,-747.705872,196.087509,8],[478.491455,-750.903687,195.39209,8],[469.646667,-749.089355,196.303436,8]],"renderPriority":20,"startEndFade":[2,1]}
{"name":"SFXEmitter_1","class":"SFXEmitter","__parent":"freakAdditions","position":[-58.1535034,-411.096466,141.290176],"fadeInTime":0,"fadeOutTime":0,"filename":"/levels/west_coast_usa/art/sounds/ambienttrack","maxDistance":580,"referenceDistance":200,"rotationMatrix":[0.970253527,0.242090553,0,-0.242019653,0.969969511,-0.0241961107,-0.00585767394,0.0234763827,0.999707103],"scale":[580,580,580]}
{"class":"TSStatic","__parent":"freakAdditions","position":[35.2225075,649.496582,82.8638306],"isRenderEnabled":false,"rotationMatrix":[-0.999999881,8.74227695e-08,0,-8.74227695e-08,-0.999999881,0,0,0,0.999999881],"shapeName":"/levels/west_coast_usa/art/racetabsign/racetabsign.dae","useInstanceRenderData":true}
{"class":"TSStatic","__parent":"freakAdditions","position":[35.2225075,620.853088,82.8638306],"isRenderEnabled":false,"shapeName":"/levels/west_coast_usa/art/racetabsign/racetabsign.dae","useInstanceRenderData":true}
{"name":"SFXEmitter_14","class":"SFXEmitter","__parent":"freakAdditions","position":[541.245789,151.642136,141.290207],"fadeInTime":0,"fadeOutTime":0,"filename":"/levels/west_coast_usa/art/sounds/ambienttrack","maxDistance":580,"referenceDistance":200,"rotationMatrix":[0.970253527,0.242090553,0,-0.242019653,0.969969511,-0.0241961107,-0.00585767394,0.0234763827,0.999707103],"scale":[580,580,580]}
